248,9589,2800
295,4437,3452
411,6205,1781
264,3348,9913
167,7677,7249
327,9697,5280
348,5946,1804
272,6293,1975
249,7896,8351
275,9082,8982
243,9501,9114
372,6014,82
461,9814,6309
497,7581,9053
103,1642,8464
201,4958,959
135,9318,9434
68,7386,2309
188,8955,2929
245,5866,6196
401,6978,2880
261,168,7504
374,8243,8679
162,446,209
116,6600,5865
433,360,3268
308,1101,8302
89,6460,6455
3,9406,1086
179,7556,97
474,6850,5063
215,1113,8359
167,814,8850
404,9183,7813
35,953,7756
125,6325,238
361,2155,41
260,8799,4240
496,7133,2756
312,3699,6344
166,6738,3442
496,7494,3260
463,449,3241
123,5538,6732
46,6557,1427
283,6403,4377
196,9142,2444
303,990,3348
251,9938,534
254,2694,1127
222,5414,6640
340,7524,8753
42,942,2839
332,7037,9263
64,9346,9508
124,2706,9702
147,439,662
474,5577,3532
62,5266,4643
58,1059,5393
319,6732,7486
55,1515,4053
100,1102,3872
345,6803,1350
394,2003,8076
5,2230,9911
100,7427,8882
148,9089,5872
21,5792,7906
4,1047,2743
469,4122,3371
364,5080,5698
64,4665,1213
229,1675,3498
254,7999,9967
391,8136,6325
60,3855,6938
138,4966,1721
432,2150,9896
214,3435,8038
352,2658,7260
482,3559,7260
499,6970,6734
448,7420,1240
202,8091,1786
420,2074,6516
177,8260,7599
93,5441,8926
118,6553,5453
497,9141,6579
341,3139,4855
263,6879,7418
444,2714,9811
494,5760,6796
63,6425,3535
478,3394,4570
122,1335,7092
320,2611,8948
475,9776,3424
232,218,8977
185,9722,466
22,8720,8053
489,4674,6222
225,3054,3431
417,2355,5596
123,770,7797
269,4389,9864
56,7049,1713
27,6633,659
286,6800,6390
320,9905,4017
416,1285,884
498,8204,1149
14,3636,7646
441,6682,7578
471,6702,2475
296,678,520
223,4521,6121
384,5848,3736
118,1875,8495
175,5789,6646
427,7429,5804
460,7729,2841
468,5005,3487
346,5235,4261
215,2077,8886
323,2496,7343
72,9862,513
433,9340,6604
334,8699,8832
205,3575,7636
313,3359,8459
65,9163,4945
360,658,2185
227,4655,9707
411,9107,6998
206,7186,1627
116,3659,1221
316,8866,7944
82,8926,2017
72,6976,5254
200,4434,3423
118,1321,9390
436,431,5190
129,8153,9392
275,7162,1349
63,192,6726
108,9795,6659
44,5843,6832
432,1935,5757
204,4476,8753
157,2503,8070
140,9061,8176
416,8298,4963
286,9725,3160
191,3803,4064
352,2231,8803
475,7765,7493
461,839,470
190,8533,3195
340,5744,6236
453,5368,426
484,6439,5959
354,5415,9786
321,9137,9707
253,6835,9124
58,8482,7971
84,3008,1997
260,6997,1108
272,5526,283
47,4820,7993
197,2451,6700
208,3975,9434
101,224,3062
49,6552,448
96,5257,2766
154,4717,1125
197,9991,3899
8,4437,838
282,8181,940
67,753,7245
8,7075,8898
68,876,6248
197,9433,542
369,220,7729
412,6459,865
102,1917,838
53,3450,4338
30,180,2104
380,8666,6577
284,9890,3676
468,1251,2747
276,8299,4863
343,7820,3756
307,5431,1691
386,7022,4542
351,9109,6183
192,8502,611
382,2315,1564
423,9008,1325
429,6020,8902
239,4052,1071
366,200,3771
448,7112,9732
201,9924,1729
464,3046,6241
477,4982,3057
364,7541,5699
487,1582,931
46,4649,9324
229,4233,131
377,6852,9060
342,4634,839
410,5384,417
121,2710,9888
55,5513,7765
474,6081,3787
484,556,8326
56,3822,368
494,1942,2560
241,4208,2286
237,411,2656
301,7354,9027
125,5119,5570
219,1150,835
323,4980,5033
113,115,3467
134,2496,8484
364,5054,1859
212,2570,858
191,8091,63
371,6067,8093
198,8007,5366
67,6379,9220
429,9119,7788
206,6578,5046
306,7321,484
104,3867,445
400,1107,6312
56,6932,1290
145,770,7537
164,2478,3722
13,2347,5827
154,9598,3286
132,9656,7225
368,3416,1006
38,9712,9406
247,4516,8220
8,7260,262
393,831,9612
144,9777,4740
257,5971,6815
267,5849,4561
21,8634,4898
215,7353,9985
220,8584,2397
414,8074,7444
3,7984,781
23,4552,7165
241,3761,9749
411,2643,49
240,7917,4678
61,7014,8858
265,687,7112
1,1517,5260
429,3245,256
377,4826,1562
255,61,7706
206,5844,4959
278,2671,2085
394,3243,4502
429,9002,8022
336,8491,2612
266,5496,8553
113,9103,1931
356,316,6173
31,5471,950
57,4744,2351
189,1721,4904
442,6917,3158
29,7893,5463
58,7825,5111
219,4710,1754
475,8936,9320
438,4446,2227
412,4352,2639
191,4064,3086
181,2466,5006
46,3140,5595
477,1470,3044
126,9658,6462
302,8534,8296
248,8550,9948
308,5644,9822
399,1710,5459
387,4058,4508
400,216,6227
269,48,6647
464,7795,860
360,3767,4379
485,5183,7002
90,1047,64
307,3512,3231
494,9501,9165
333,3950,7036
203,3223,1155
2,2956,3580
237,2878,494
245,2623,6852
213,1061,7590
171,361,8258
331,9103,4144
359,1832,5057
426,9482,4372
460,7701,9529
34,9804,5955
250,1760,317
337,4802,7611
59,1513,1910
350,9918,1333
167,4964,9812
14,8771,5892
208,4504,3294
358,7697,9600
473,341,331
490,2518,1286
242,5673,8803
11,3823,1524
366,4509,6178
173,9037,4442
169,1889,4931
282,5315,9771
204,8512,2145
259,6077,9011
349,1152,3172
237,1404,189
192,2346,6234
401,8129,8391
230,9659,3745
205,37,3174
163,9023,4714
77,4483,9343
297,7848,6278
102,2243,2574
418,2151,395
2,4052,6863
136,5465,979
279,5191,8031
329,1183,3450
42,6643,6481
362,3862,7587
402,9214,3052
458,2542,9767
261,9431,3744
366,9692,2932
203,5841,1422
47,8461,1818
334,9358,5779
390,2492,2877
7,1501,8347
83,902,374
38,4259,6221
252,8676,7343
228,7280,2631
178,6521,7422
163,7545,1856
382,5209,3662
482,3124,13
114,9071,9161
150,5971,4662
281,4743,2749
44,286,2093
59,4559,7012
498,9647,3696
52,3213,2082
370,1563,6712
146,4587,4159
439,6207,8454
394,7553,4833
279,5412,6986
185,1997,221
250,8186,4994
121,3828,5189
494,5483,4496
237,8711,2197
21,2378,8692
390,1801,6644
486,2103,3160
425,4984,8499
298,1501,7379
252,1916,5717
47,1110,3417
161,7973,4251
2,9310,7776
465,3501,1498
394,6893,8808
231,7385,5719
415,3948,7873
133,8859,3633
49,184,6374
188,6006,2860
132,8845,8260
21,515,4836
10,4957,6258
352,1343,7440
277,6176,9169
252,2017,1428
352,7879,4990
408,8354,8587
274,605,9532
438,9573,4262
409,7079,8112
136,4426,7365
159,5489,2739
381,9838,6987
292,5955,4517
345,9384,6665
84,3810,5588
109,488,848
441,3135,5224
36,7984,2602
311,8067,7510
31,5075,385
23,14,5885
112,2225,3961
317,4956,3273
374,7826,3539
230,596,3676
404,2420,2065
493,2266,7249
8,3868,6975
438,4493,3238
215,8063,5411
136,2716,1506
457,980,704
159,18,5418
4,4005,1168
10,4685,5770
403,3716,2053
131,1559,9285
312,2463,4723
157,3328,7999
466,5801,54
415,3547,6137
136,2138,8278
283,6378,7366
125,1076,9458
474,9345,9334
149,8289,1435
389,3848,8687
482,4953,982
334,5870,597
270,6043,3483
173,1090,1928
485,7586,2406
162,1885,1629
77,5140,7869
296,3198,748
154,7666,5942
58,6379,8231
3,9901,4977
373,4636,1312
382,420,4141
222,8763,6429
88,8809,523
308,950,8356
487,1854,7986
364,9590,6962
481,3816,897
141,2147,508
434,7513,6528
189,3293,8285
146,3906,4946
330,187,6101
147,8105,5355
196,1564,6929
491,3377,2928
328,9461,9358
494,7513,659
384,8846,9613
453,3599,7765
493,6940,4405
291,3787,9924
448,5177,1113
421,4749,8521
496,5600,170
352,1275,302
318,8676,5495
289,2658,8275
65,8980,9525
366,3820,1825
335,2973,6133
456,2819,9677
194,4959,1238
477,2472,7341
253,7012,4631
266,4166,2549
36,8379,4819
432,4539,9713
384,1470,6397
237,4244,8951
490,2881,5188
33,2583,9598
88,518,8473
240,7738,1533
93,6939,6285
103,1165,4229
431,599,9910
160,3491,9373
342,8553,1759
232,9744,4651
373,2529,940
446,6989,6270
108,5547,5725
350,5077,4950
3,206,9771
436,5118,5473
176,5521,2534
379,5593,8794
137,5942,5807
