2514,43
1204,42
871,16
622,47
2270,39
261,23
357,16
823,19
2976,39
1387,44
2594,21
1657,1
2153,46
2094,32
491,31
2133,41
301,19
1563,17
2921,33
2205,8
2297,27
1233,22
2894,42
1077,15
810,20
1318,48
2091,10
1253,34
2618,29
2238,48
2189,36
2449,10
1548,21
1890,38
2258,30
2682,15
2510,14
2404,1
1831,5
2204,2
1345,26
895,5
2571,24
2901,20
2093,28
702,38
1739,13
2765,1
2202,30
2839,17
1828,5
166,49
317,28
2299,39
1003,39
2610,43
500,33
910,10
1338,16
1224,34
488,22
2010,11
1103,50
2577,35
883,17
150,48
2758,39
830,17
96,7
2443,12
2772,15
1519,23
687,6
132,28
2411,36
2260,42
1920,47
534,44
1842,1
2992,26
2585,23
2253,25
1682,24
2702,8
1351,50
805,25
2960,7
783,40
2885,44
2694,5
1625,45
2857,31
1303,29
1861,43
764,36
423,50
1521,30
2386,13
1939,50
2993,24
2747,7
183,11
2850,5
1526,46
211,5
316,13
636,33
273,43
1578,28
602,33
1366,14
1330,49
2200,21
2770,20
1933,47
707,21
2494,18
966,41
377,12
195,49
429,16
1710,4
2320,25
323,48
2317,1
1197,33
401,16
277,3
1114,36
1456,41
2182,2
1796,47
2394,33
1895,14
2999,22
39,28
1263,50
1924,20
2524,16
1938,23
2292,19
2172,18
335,50
264,40
1038,4
1198,24
1807,8
2078,41
1660,26
111,29
1579,22
2621,3
2819,0
156,8
930,45
300,15
1374,36
67,8
1257,23
772,19
1019,43
48,3
1154,28
234,34
923,9
189,30
877,3
1925,7
126,27
87,0
2062,19
2680,24
659,36
1751,24
658,49
1236,4
2042,38
1384,41
1326,16
1963,25
1453,13
140,7
1029,36
900,50
2849,35
2883,9
2858,48
2759,39
1189,46
1399,34
1714,45
369,13
2234,21
2595,38
2439,20
618,18
1729,35
2067,24
2603,49
1511,34
163,5
266,47
2164,1
1107,16
1662,32
2206,24
116,47
2168,20
14,26
1486,42
1149,43
2389,30
171,7
1284,25
558,5
1465,14
1395,50
2649,27
683,0
2440,16
2553,11
1615,40
2710,4
2239,12
2111,22
2628,6
1949,40
1498,6
752,30
9,36
1612,30
454,41
1115,37
748,38
2860,44
2193,24
309,49
1287,44
1344,30
0,33
332,39
1106,35
2660,2
455,2
1964,14
1945,44
1718,37
84,22
2064,28
709,42
1785,15
2933,34
634,15
1293,14
200,49
2422,11
672,33
929,21
727,24
1295,29
1421,14
1140,43
2914,6
2412,4
2973,29
5,38
2779,38
718,17
2166,11
960,46
2033,46
2119,28
2286,11
1822,50
1437,21
2431,29
1872,13
102,14
1799,10
1218,49
1153,5
2434,23
2135,30
2959,2
2321,35
1049,23
850,13
2804,26
348,40
2859,15
2674,6
691,4
199,13
1851,44
1262,40
1121,43
2877,32
749,29
2452,49
2632,20
1258,44
1696,45
861,4
2625,31
1129,44
1085,26
831,34
2275,41
2738,40
2667,30
2400,5
2483,6
1037,23
2544,48
2430,43
1134,17
896,43
1665,12
1057,44
2752,15
1549,47
2350,34
2988,36
2931,16
1537,15
2708,7
1454,11
1836,1
2191,2
2493,0
2012,31
430,43
2957,37
1063,18
2226,45
1405,9
611,48
380,7
77,43
1089,46
948,33
610,11
2876,42
2655,46
1271,32
1432,30
596,42
1420,45
2806,7
1093,24
1082,15
1534,33
2651,34
1092,44
117,10
2318,11
279,46
802,41
1713,8
415,25
2298,37
838,31
1671,50
2769,30
1893,50
1950,24
1376,17
874,10
2810,36
811,47
1701,3
2426,43
49,41
1634,32
470,26
2257,50
548,15
2732,48
1904,7
1518,38
451,45
1244,4
763,30
1845,29
282,11
933,11
1817,28
1611,7
1661,1
2462,26
875,45
1535,3
2612,13
1419,17
2117,15
38,25
2036,48
2056,21
2356,35
305,0
1995,13
2310,42
1782,6
891,19
2362,5
703,25
578,2
2936,48
80,7
1715,17
822,24
463,44
1593,9
1919,1
1075,20
2057,36
160,40
2609,32
719,3
2331,31
215,5
461,32
884,1
2563,33
296,50
1759,21
2965,19
469,27
241,38
2388,36
1002,11
1188,47
1325,22
2700,22
2895,41
561,3
29,25
2902,43
819,8
751,42
170,26
2437,15
2068,24
630,37
638,31
2646,38
2433,5
112,44
2022,44
1887,35
1379,41
2601,6
1249,47
607,21
1616,2
2375,33
1936,7
452,18
1009,21
1570,7
334,46
770,8
1906,14
771,4
600,20
2335,11
325,28
236,12
235,27
83,16
2303,42
1984,46
310,40
2861,49
2229,43
1988,6
416,26
1138,21
425,46
2939,19
2059,48
650,18
450,41
556,46
2115,22
379,45
1381,11
2048,5
230,27
1585,45
1735,1
1429,14
1905,16
1844,45
426,25
27,47
1926,9
70,15
485,42
2125,16
1525,35
656,27
2985,39
2139,34
2529,38
2825,36
919,39
2262,27
468,8
1041,6
2949,40
2705,47
432,10
701,27
1771,18
1177,42
1505,1
518,1
372,50
1792,45
1742,5
1223,11
2004,34
343,40
1289,12
562,25
1544,42
1468,10
2021,5
684,46
2891,31
1051,46
1896,38
419,35
857,21
2302,27
1853,4
2903,13
1952,6
1047,20
2552,31
994,46
76,4
2377,11
1778,30
1479,49
2915,6
2397,21
1173,39
2919,34
706,16
2001,14
2203,23
1423,30
928,17
1591,12
568,8
1803,29
2889,1
606,22
2983,3
2533,41
2332,31
290,13
320,2
1958,29
1026,1
2074,45
535,2
1773,45
1863,4
2778,45
2082,3
1123,43
1010,36
2453,37
2249,39
2372,47
1478,25
1382,48
944,13
73,29
828,38
959,23
1378,30
2823,35
1346,14
686,0
446,46
2688,29
1898,22
897,20
2429,36
693,26
1393,13
1331,2
620,33
1150,0
252,2
598,29
2513,31
2441,14
1315,17
1408,31
516,43
1613,48
1894,6
2540,33
121,4
2596,33
731,38
61,30
385,28
1514,9
987,4
388,26
981,17
1885,16
36,35
817,8
985,16
2090,42
1195,37
2053,3
1725,46
1520,12
194,27
550,37
692,11
1558,23
2888,15
2841,0
2807,33
1281,39
1418,9
1088,33
2912,28
20,43
12,22
2448,17
1693,9
329,40
93,32
1280,12
1369,0
414,46
217,35
2296,38
945,22
1080,36
1911,20
920,22
1873,17
2754,15
965,15
1125,6
2638,10
1312,16
590,37
644,2
152,33
2731,36
2306,7
1013,25
458,8
646,31
2454,42
1680,38
1427,23
2862,18
2570,37
2018,26
1487,22
456,50
1859,14
663,33
2142,43
81,10
2766,2
2109,21
776,34
1618,10
1741,37
2481,19
308,39
1438,9
1781,14
157,27
2591,27
402,4
2693,23
1184,50
1907,1
1373,16
2567,20
1228,26
679,28
635,34
1672,9
489,13
2223,22
1148,2
1769,29
1286,10
89,12
594,9
2832,15
1603,23
1199,21
2367,2
2085,45
2370,3
588,38
2222,9
1069,24
2767,16
120,0
2840,22
2636,17
2971,18
1116,6
2661,40
1539,32
2834,44
580,7
2868,0
250,2
74,50
882,13
740,15
1412,29
2751,18
582,20
108,50
2764,44
1532,35
367,21
1135,16
2209,0
529,33
2547,44
2178,17
1777,23
324,6
2013,10
1182,8
2044,29
2995,37
2176,19
964,37
848,18
1091,38
905,19
1133,38
631,30
249,0
223,11
1359,40
2195,3
180,38
1024,41
840,20
1824,48
2228,18
839,6
2184,29
1174,40
2307,39
696,12
971,25
843,1
1290,17
400,27
710,44
2785,32
2899,17
704,28
66,39
203,49
1601,40
2054,26
2097,41
45,13
2254,40
191,47
2534,1
780,15
2162,41
511,34
2794,13
2221,23
818,14
1588,8
2502,35
526,5
1275,44
1450,23
267,7
1360,42
1929,4
1607,10
1789,35
512,19
999,10
2937,5
669,38
1128,12
2821,5
278,13
2327,5
2691,11
1808,4
573,24
657,25
72,39
1392,6
2573,12
1989,49
1915,32
2342,26
433,25
1533,22
175,44
853,50
1377,29
675,34
303,31
1957,36
1055,41
2445,4
2509,46
1566,27
2526,29
2593,46
176,31
1837,7
2996,9
2635,29
978,38
2771,20
506,39
604,29
2201,18
2518,9
1246,26
733,39
1864,21
2314,7
2219,26
1648,18
1745,34
2482,25
2602,17
1610,43
2575,8
186,45
1655,23
581,9
161,21
1451,24
1192,21
2961,48
1124,7
1801,3
1921,0
1756,6
2217,19
2038,47
1413,42
1139,14
13,6
1642,36
1087,24
904,18
440,50
2160,41
1897,12
21,49
397,40
918,49
2145,47
2252,41
292,3
472,11
2958,3
599,18
1434,22
1575,18
1341,32
1794,43
2776,39
583,35
2866,11
208,45
705,17
1768,0
2846,5
1191,35
851,15
2977,27
1770,31
1209,27
2476,40
697,26
2255,34
1061,42
2678,4
2626,14
570,25
2774,43
866,14
1748,11
1306,17
1169,15
2654,42
575,47
2904,18
908,20
2309,7
836,29
2415,31
52,39
2584,32
54,4
2268,1
569,4
312,31
1573,17
1795,47
2473,7
2329,13
64,9
2355,35
1847,23
1935,23
34,40
1666,25
903,35
1818,32
1300,25
2923,37
2231,41
2339,27
1586,8
2280,9
2128,33
1217,46
2401,33
1311,22
1850,37
2071,49
2099,36
1000,10
2896,19
1187,30
2378,45
759,22
154,34
471,11
1942,26
796,27
124,36
728,0
566,23
833,19
2565,28
2964,22
1446,0
1644,11
1889,34
2122,46
2812,14
411,19
2511,23
1553,47
1156,20
1490,39
502,47
1901,1
887,44
2692,20
1841,41
1277,11
584,27
1250,6
2865,30
1035,12
2353,10
2726,26
1626,5
1120,35
2077,3
225,26
128,47
1762,24
428,49
1581,50
2984,43
972,14
155,2
2464,26
2848,28
2420,45
2561,42
1327,19
942,8
1435,29
2946,28
2143,22
862,17
1352,28
1923,7
743,46
2600,37
1282,16
1899,0
2783,31
1211,26
478,18
641,42
1902,12
766,20
1867,38
2006,4
2486,15
1229,38
59,44
1881,50
1137,14
782,15
1551,34
2586,30
1916,6
1274,38
190,34
2447,24
2668,30
2058,43
1296,40
2385,11
1669,20
716,29
2969,38
2611,4
2399,16
2916,40
1443,17
2815,0
1695,50
366,5
1097,21
816,6
1167,16
791,13
56,28
2707,44
1473,20
101,32
1388,31
2015,31
222,38
1812,34
2055,10
1846,8
616,41
119,39
593,14
552,13
2300,37
2941,44
2361,47
553,33
202,13
2084,11
1510,39
2368,29
464,2
2568,7
1040,0
924,34
826,13
2729,45
2087,0
1931,27
17,40
1298,43
1637,8
1723,34
2112,3
409,25
481,17
813,45
1462,23
2308,34
2701,18
2838,36
1632,23
1835,47
145,28
88,26
2642,41
1728,25
1012,44
2346,12
137,5
1193,7
2572,31
410,0
603,37
2647,49
2608,2
1621,5
943,18
1883,6
346,5
1913,32
1266,33
845,2
2716,1
71,6
28,20
953,35
1108,43
412,29
935,38
673,27
1362,18
2792,2
2924,4
1452,14
2874,45
2428,16
2496,43
1231,42
835,28
695,49
1650,33
1962,50
2724,16
251,48
1985,7
1044,3
1316,48
1776,14
2991,40
790,0
2220,6
2186,39
459,0
480,46
2241,21
1431,34
1654,37
720,15
1791,8
867,9
1212,3
2079,5
2990,16
2981,44
2515,48
2244,34
338,15
1869,40
1763,45
482,18
1502,20
2898,5
1990,2
1105,25
1242,14
1951,41
1343,2
1959,40
2728,32
639,39
2264,9
1619,9
2114,10
2782,47
1823,30
2277,39
1176,38
1839,16
690,47
2910,20
2942,27
2211,14
2051,18
2927,24
363,43
1631,7
187,4
315,24
947,38
1081,9
565,16
1948,9
1811,34
1744,50
991,2
957,33
1830,29
2279,29
1141,39
2107,47
2246,31
1457,24
2922,25
2014,41
247,18
2466,12
359,18
1595,12
98,48
2676,11
1261,4
1840,38
1070,25
1617,35
1722,30
2393,34
2955,46
2986,50
2396,42
2925,9
2043,25
2746,18
2753,28
431,45
1860,3
2781,31
504,47
979,9
537,39
627,47
1053,34
525,11
1208,26
2438,41
477,48
954,25
1865,12
549,18
514,5
209,45
1164,37
255,34
2381,37
1721,7
601,8
993,11
1979,48
1459,13
2748,4
681,2
2161,14
2192,20
1908,49
1206,24
1396,34
1910,21
2311,11
1849,38
280,3
946,8
1050,25
1630,13
1269,33
107,47
655,31
1471,27
2197,3
2745,29
2863,15
1,13
793,17
521,12
2864,24
2952,19
167,19
407,12
2251,30
1649,30
2132,47
1119,36
2587,10
2155,1
666,18
1580,35
1472,44
413,21
2034,41
2470,40
55,33
2403,37
347,24
10,18
2786,12
2562,19
2083,49
1332,45
2855,32
940,44
1320,34
2597,27
62,35
1592,0
1146,3
1248,43
574,19
1712,15
587,24
2574,2
2408,45
1838,27
1641,4
2041,7
2225,42
854,46
849,11
141,29
541,42
18,44
2833,6
193,43
2165,1
184,26
1750,33
1122,14
2598,8
2003,9
1961,49
1810,27
2675,20
134,41
1673,20
1163,46
1467,22
2631,10
2872,31
2328,15
1797,17
1068,13
355,45
2088,25
2741,43
967,2
1076,2
1857,6
349,19
2008,33
2198,6
2402,23
1485,28
2284,11
243,29
1888,39
1978,40
1656,38
1702,3
2799,40
2639,36
1941,3
2224,32
2017,24
1476,15
2156,45
664,47
395,35
807,25
2590,33
2506,46
767,30
254,20
2740,7
374,19
2531,20
1484,48
1833,12
2382,2
1021,35
757,30
1328,0
608,26
1083,42
1210,28
723,12
1145,3
538,21
104,0
2265,26
162,18
1880,18
2870,23
386,45
2035,12
992,3
986,50
95,50
2380,4
1227,18
475,36
625,29
642,5
2968,0
2218,36
1157,49
2410,36
2140,26
1802,15
221,41
1684,20
2886,44
741,15
490,21
1531,48
2474,9
2390,26
90,41
2943,22
1765,40
2488,40
204,19
814,46
865,33
298,1
860,11
398,41
2566,0
2940,49
1127,39
989,13
2319,26
2722,26
1653,50
2301,42
2344,47
559,43
26,28
42,22
1508,9
233,46
2131,26
281,50
1760,8
2141,21
206,49
2749,19
1158,24
326,46
1639,37
1235,47
2801,24
1363,37
2146,33
1879,2
1072,11
1481,37
356,8
2157,8
868,20
2690,26
1099,40
311,13
1205,35
390,30
1414,29
213,16
913,37
1162,3
1458,27
82,10
1892,9
1365,48
1734,46
2250,25
677,48
619,49
275,38
564,6
1598,43
144,44
2188,0
2063,37
2671,1
941,31
1463,39
1305,11
1633,25
1447,40
226,32
1827,39
304,50
747,49
2634,21
1522,23
449,38
1014,45
69,45
2712,40
497,30
106,38
1504,32
418,48
523,21
2619,9
1530,37
1992,46
1039,18
785,21
2686,25
466,29
2826,48
1557,36
536,9
2760,17
352,42
1340,33
932,25
2477,5
2423,43
75,28
2152,10
479,39
2658,36
1507,9
1536,41
2897,31
2075,48
524,8
522,26
1496,43
1600,8
2662,9
2837,44
1308,27
2620,5
146,22
149,44
2789,45
2190,18
958,25
293,33
2337,12
674,44
1571,44
2285,7
2461,7
1854,38
1449,29
2150,31
1348,32
2523,36
2780,45
532,20
44,22
125,18
1689,25
1239,24
2666,22
651,26
2797,34
2092,27
1436,41
715,28
1397,32
2836,35
2998,48
35,41
2605,28
1974,35
1815,4
2123,29
889,49
404,40
2348,31
2709,48
554,12
2491,10
1304,47
2295,13
2814,16
1834,17
2604,26
1028,37
15,28
2207,11
1737,4
53,22
2817,24
378,32
2407,46
832,20
2287,9
8,13
2499,29
118,0
313,41
486,39
2450,6
2126,37
653,35
2672,26
2787,16
201,16
1161,14
188,41
1136,45
2269,27
714,3
2800,19
424,12
876,30
2130,33
11,12
2210,2
2851,50
628,3
2425,48
393,38
531,10
1732,32
350,20
22,35
427,13
837,19
2873,46
869,22
2928,47
1730,19
1477,38
2633,46
2844,40
982,40
1676,8
1444,6
2580,1
2110,46
579,16
539,13
911,43
1998,7
617,3
804,33
237,29
2261,17
364,33
2405,11
2929,16
665,40
517,45
676,33
975,2
2887,26
2543,1
2080,19
1247,32
1542,38
2472,34
1917,11
1970,32
2818,42
1752,8
457,31
360,34
2326,19
1270,15
1576,49
2113,16
1667,0
2757,5
668,10
216,26
437,23
1358,9
2,33
1428,30
2248,17
2761,44
1694,10
1178,13
906,33
2039,30
2421,36
2737,3
2755,15
2174,12
2365,4
557,14
859,19
2926,31
1972,23
730,11
1401,16
2878,4
2805,28
1813,13
1955,26
2538,15
109,21
1221,5
528,22
1264,33
2744,48
2670,19
271,47
362,49
1623,28
2360,10
821,17
2129,31
99,20
1361,48
1389,39
164,25
2884,13
2856,13
1624,27
495,4
841,0
2588,38
2736,0
319,43
1798,12
131,17
2730,36
2950,29
210,37
1267,23
825,50
1104,29
977,7
1681,40
2829,0
270,4
1272,25
2104,30
2576,30
1059,0
2171,6
2338,34
1118,50
798,32
577,8
555,12
890,3
2504,48
322,37
614,27
2525,29
1054,29
1517,9
2379,47
40,45
1430,40
974,36
2541,0
509,19
998,10
2530,25
2685,24
736,47
1492,35
1658,4
2278,46
2497,28
2803,49
2480,8
781,12
1252,24
563,8
612,27
1185,16
1155,34
351,12
1800,3
1143,30
220,46
2679,45
115,44
2364,10
476,49
1052,0
1299,3
43,21
915,12
1410,0
1527,12
863,13
434,19
2243,6
2627,50
1147,1
1113,35
2233,22
2214,35
1112,21
25,46
1207,21
2811,11
1584,8
148,13
2266,18
613,14
1698,45
2271,6
2989,17
2366,39
408,7
1766,43
246,35
2118,32
1628,22
662,44
774,11
2599,14
2831,28
2640,36
1256,11
544,5
2842,7
2007,11
1568,25
762,15
2735,10
2103,37
442,17
1577,35
2020,18
1692,35
143,36
173,20
1011,44
1554,8
51,43
2699,44
110,41
806,13
2920,21
1582,4
2294,50
2677,42
1640,43
276,16
2147,22
846,0
2333,19
2535,27
872,34
147,37
1335,23
2581,3
542,20
784,16
1067,28
6,42
1720,32
633,9
138,24
1098,1
1871,41
1513,44
1856,33
758,1
1500,23
288,45
2643,8
2768,15
284,10
2554,29
2820,26
253,8
1699,38
990,47
2798,36
2416,45
2240,50
1096,9
729,42
789,25
2451,0
1543,21
2016,49
354,21
1967,3
745,24
2384,11
2723,32
1483,37
2213,12
788,21
2469,34
1793,1
2235,32
2788,41
1764,46
1862,45
314,47
341,10
778,47
24,11
133,10
1491,18
2880,9
1969,7
1090,36
2049,0
1675,24
2734,37
2556,17
159,20
852,5
1347,14
1679,47
893,41
2505,33
725,42
2185,30
2522,30
197,49
30,39
753,26
337,3
2045,42
1375,21
1489,1
1878,45
2695,41
265,13
2557,42
2175,27
777,14
899,32
245,21
2313,19
1020,9
1501,1
263,24
2086,36
268,33
1251,5
227,48
1109,17
1528,27
492,44
2532,32
510,2
2343,25
1515,18
2813,26
2549,31
153,16
2230,12
1788,35
2913,38
2478,2
493,1
2616,7
1016,13
1008,1
2656,24
680,28
2630,46
873,15
902,9
699,6
2558,10
1181,10
2697,41
797,3
2336,4
1749,42
1868,2
1385,13
484,12
405,6
2966,49
1947,37
7,18
637,28
682,14
1987,37
2909,1
2409,25
1317,43
368,36
205,48
1550,24
382,33
1241,22
894,33
165,49
1240,27
1726,0
94,39
768,15
2796,12
2116,27
2325,33
640,39
2739,37
855,12
540,25
179,28
2500,24
2369,23
1232,42
123,32
1614,22
2215,9
2652,41
1416,36
505,10
2391,10
2917,42
925,44
2527,15
1981,10
1403,46
2551,48
2196,31
2687,34
1516,46
1214,16
916,3
956,30
2180,18
1996,24
2906,37
2208,19
1746,40
827,21
207,25
1606,32
2293,46
1683,22
724,17
892,27
722,15
192,29
2970,2
1215,50
1368,10
1620,24
589,24
1307,50
1411,2
1960,6
344,41
2072,15
353,17
909,50
1448,24
2138,15
1310,7
2167,37
2490,39
1686,36
103,5
1117,19
2681,0
881,16
2624,37
1319,6
2000,37
2032,44
1572,47
1753,22
2173,15
712,44
926,0
2095,14
391,30
2987,7
1314,41
2808,30
78,39
2614,42
1415,40
1390,3
1279,29
2645,33
169,28
256,23
2979,18
1111,8
2750,30
1445,10
345,14
1652,37
739,19
1858,22
2419,11
1078,24
530,24
2457,41
1774,17
732,32
2845,35
1132,7
1034,5
2124,49
921,9
1555,33
708,5
2715,15
1993,48
595,49
2002,2
1171,50
2900,18
2120,17
1255,31
212,49
136,15
2657,19
1152,36
984,17
513,16
501,32
1409,43
2216,18
2263,13
1297,47
331,48
1779,48
1977,47
773,36
742,32
1309,23
1058,47
392,32
735,6
2963,3
667,9
820,47
453,21
2972,22
623,8
1980,32
420,24
2383,16
711,30
297,46
389,20
1787,18
2374,19
63,2
2559,22
2363,21
2516,23
2935,34
1636,29
1784,46
2545,50
2283,17
1372,8
2398,16
1355,25
1004,5
339,32
983,15
688,28
2629,12
1033,45
2024,37
1313,47
2508,36
4,11
2465,49
621,14
422,16
2349,36
2908,6
1048,1
2617,32
571,12
2194,29
2853,28
2875,48
586,1
1260,34
2413,21
2414,25
955,26
2316,50
2501,45
1357,21
744,37
178,50
122,0
1569,32
2560,43
812,5
1170,39
2289,13
689,19
1602,23
2644,49
2698,15
299,7
1523,6
2276,5
2030,30
23,50
2096,27
239,2
2046,38
2953,1
1546,21
1336,46
242,47
2944,48
2148,28
365,13
1755,6
2704,38
907,17
1704,12
2975,14
661,48
371,19
2721,48
738,20
1986,48
1337,38
1110,0
1102,35
2795,41
1151,22
2259,23
1285,7
654,24
2982,48
645,8
1273,34
2066,35
16,40
734,30
2424,21
1383,17
1402,5
2773,4
2005,50
503,38
2373,34
174,40
970,14
2052,0
864,14
1645,1
1245,11
847,1
626,1
698,8
1196,25
2463,10
373,34
19,40
1724,31
795,31
240,13
1160,13
1903,25
1324,8
754,6
2727,49
2245,47
2828,11
1786,4
2623,31
1819,38
2784,7
1482,12
462,12
1912,16
1562,31
1596,10
1065,27
567,36
1790,40
2031,6
1638,46
2519,19
1015,40
65,42
1142,48
2247,10
327,33
1216,23
2121,16
1809,47
1545,9
445,11
1994,10
1130,18
287,8
1538,17
1301,0
2978,32
2291,2
1043,9
396,6
447,41
2237,2
1646,31
1006,6
1697,10
2809,43
1597,23
2177,14
2456,3
1407,49
336,18
1265,27
765,19
2387,0
1292,1
756,20
2288,10
1494,21
1503,17
1999,44
1761,14
1433,36
333,34
2550,2
2852,47
1386,35
1965,27
177,16
1820,34
1074,22
2154,8
2733,27
2512,49
1743,25
1740,30
1731,27
2890,8
1605,34
1268,0
1877,38
97,42
2548,11
515,41
2323,33
726,20
605,50
1884,49
1587,37
1738,2
1439,23
1627,31
1806,30
1400,33
1045,42
302,19
1975,21
1480,5
487,17
1900,19
443,37
2158,41
1886,2
1131,29
2637,42
2347,5
2137,29
2357,42
1237,35
2720,3
934,23
219,38
1583,33
678,42
231,30
2665,24
1622,23
1179,27
1302,35
286,7
2994,45
2432,48
85,18
2267,5
1404,1
1928,11
2060,14
787,9
870,35
1736,48
2170,4
1832,45
460,14
32,40
1690,16
1747,31
2528,4
750,26
2334,31
2791,4
1677,36
2956,4
2345,10
1488,34
1552,42
448,22
2282,43
660,48
439,6
1391,3
1203,43
1805,43
786,14
2827,7
2606,3
291,39
1700,37
436,8
289,17
31,33
1524,2
1493,35
898,1
713,24
2683,31
2669,9
1767,31
1876,28
1066,23
1826,7
1440,7
1772,19
1574,36
1259,49
1495,44
1180,50
2763,29
269,45
2256,18
1560,18
1561,39
2029,43
2650,4
2879,50
1688,42
2458,3
1687,49
632,10
2579,49
2037,2
406,41
547,19
129,9
384,21
2479,28
1956,37
158,15
988,22
2830,50
1425,29
1294,30
1934,39
1238,10
2187,17
1322,1
1914,26
259,28
1349,35
328,30
560,6
1226,0
1663,8
922,19
127,42
306,36
1036,23
2907,39
2159,49
995,28
808,50
1556,36
248,28
1529,50
1222,30
2406,3
2098,36
2354,0
1442,22
2835,15
2582,39
1727,31
1225,1
2684,6
2711,28
1172,24
2613,19
307,9
2775,25
880,6
2607,14
33,8
1705,8
1783,21
649,13
1870,6
2435,19
976,26
1691,34
2980,19
914,14
2273,44
1944,35
2954,41
1685,14
858,41
2340,40
2144,21
2227,31
130,20
340,10
1706,36
1474,1
2867,44
629,31
1291,32
1875,22
2932,42
100,20
937,29
318,48
1909,44
1882,31
1079,38
527,45
1855,32
2073,23
1829,4
1647,30
2869,23
2127,3
968,25
2536,34
2281,26
2934,0
1565,42
2854,47
257,31
2822,5
912,40
938,41
2442,20
2542,1
1060,23
647,15
799,16
1213,33
2236,29
1025,22
1590,7
927,0
792,23
441,47
2918,8
829,4
1027,39
2272,8
2183,9
1932,5
746,31
779,28
1954,3
2487,5
218,32
1254,20
671,35
1062,2
172,32
58,15
2322,19
1283,24
2847,1
901,34
2756,5
272,28
224,21
1243,33
885,33
721,46
2011,43
717,35
1927,43
1023,10
842,20
775,5
2330,2
1278,40
2495,19
1670,2
1997,12
533,1
546,40
2539,28
2436,4
2026,27
2742,20
939,21
1780,39
399,45
1380,11
358,9
2824,11
92,29
1031,26
2592,4
2358,23
2945,38
1599,20
1608,23
917,23
1825,46
2047,27
47,6
1604,42
508,47
394,37
1922,45
1394,15
1417,14
1018,46
135,13
2028,12
2762,49
3,39
2076,15
1460,50
387,2
1707,32
878,12
2843,26
1342,16
113,35
295,20
1356,22
1424,13
1668,22
951,11
670,21
1367,42
2703,18
1354,9
1983,23
648,17
576,6
1200,28
1943,45
232,20
2962,40
258,38
2689,17
1466,27
2341,49
1629,21
1709,50
2019,4
2492,27
182,40
417,48
1635,3
2802,5
86,30
60,48
1166,2
1159,32
1455,42
1567,49
2641,46
2578,2
2312,32
168,22
952,8
1042,26
494,8
1168,16
2149,45
2102,18
996,1
2725,27
435,17
2938,6
519,50
496,41
2069,41
1991,25
2304,26
2911,25
330,22
755,0
700,18
1350,46
2151,3
262,1
139,10
2009,25
2212,27
1441,14
543,2
1100,35
498,40
2070,28
609,23
520,46
997,9
2467,25
2718,35
46,17
969,19
591,7
1716,23
1594,7
815,22
1609,23
2392,20
1194,3
1758,1
2673,28
737,7
2427,40
1937,43
2100,11
2395,30
1891,22
294,2
962,43
1848,19
238,39
572,46
2179,50
1674,7
1144,35
545,32
57,49
1370,36
1719,32
2081,27
1030,42
2105,5
79,29
1086,2
1001,7
931,24
1821,39
2484,22
1046,12
2589,27
2706,10
1506,30
2948,49
375,7
2489,24
2498,13
2537,10
2816,3
342,49
1541,28
809,39
421,13
274,37
973,44
2352,47
2997,35
2199,37
1589,14
1186,15
198,26
888,5
151,34
1703,48
2930,18
963,37
2444,14
2181,32
1971,12
2324,43
2108,4
2664,14
1930,25
1334,48
2882,12
1371,38
1874,44
1643,10
1017,22
474,13
2455,24
1512,5
2743,16
1852,13
2967,20
624,13
2417,47
834,15
1461,20
2905,28
50,12
473,44
1564,38
1084,3
794,18
949,44
803,9
1073,12
260,10
41,22
2315,3
2951,4
91,47
2696,35
1426,38
181,15
961,31
1678,19
1497,12
800,44
1651,26
2777,44
2892,39
2485,10
465,1
444,32
2061,0
1547,49
551,37
585,17
1071,5
2169,35
2653,8
1982,38
244,20
769,20
652,37
507,28
1953,20
1321,32
2106,43
1234,9
2471,31
1843,26
1323,32
1469,14
2555,26
2023,26
1973,0
2947,37
2503,30
1918,8
1333,43
1708,21
760,2
1475,8
2418,25
1664,41
2719,8
1126,4
1095,45
2564,39
1968,39
114,23
467,16
68,11
1559,17
383,4
1022,50
37,22
694,16
2546,39
321,6
1190,41
761,18
2305,36
370,31
1754,28
1329,31
1976,13
1470,44
285,11
1201,3
214,29
2717,0
1866,6
1230,7
1966,14
2242,45
1499,6
1814,9
2232,8
597,28
1007,41
2460,46
483,7
1175,15
1288,24
1659,7
1094,36
1101,45
1940,1
1056,43
438,9
2871,49
1219,42
801,48
2569,31
1711,15
2376,32
1816,4
2622,33
1276,1
2163,27
615,13
2521,1
1353,19
1757,27
2615,5
2459,20
2974,14
1398,30
879,38
2714,35
2040,44
886,2
381,3
2520,28
2583,36
283,4
196,50
1165,12
2659,34
2050,25
824,21
643,43
403,4
1364,17
2648,4
376,14
2025,16
2065,34
1540,31
2475,17
2371,34
2793,42
2089,36
2893,9
228,12
1005,23
1717,40
1946,17
229,31
2713,40
2359,39
2351,29
2136,35
1775,4
1422,29
185,39
1202,37
950,37
1733,30
2790,46
856,18
2290,27
1509,24
1032,1
499,43
2446,6
1464,29
361,7
2027,18
2274,42
592,38
685,10
1183,40
1339,48
2101,24
980,16
105,48
142,42
2663,36
1804,49
936,30
2507,45
2468,5
844,12
2517,23
1406,16
2134,9
1220,27
2881,34
1064,21
