109
109
109
123
123
123
130
130
130
144
144
144
156
156
156
189
189
189
192
192
192
103
103
103
103
118
118
118
118
122
122
122
122
163
163
163
163
128
128
128
128
128
143
143
143
143
143
148
148
148
148
148
159
159
159
159
159
168
168
168
168
168
197
197
197
197
197
162
162
112
112
197
197
126
126
157
157
157
157
171
171
171
171
193
193
193
193
108
108
147
147
155
155
155
155
113
113
113
130
130
130
163
163
163
136
136
136
136
138
138
138
156
156
156
147
147
155
155
102
102
102
110
110
110
152
152
152
174
174
174
199
199
199
145
145
154
154
193
193
185
185
197
197
120
120
120
130
130
130
138
138
138
144
144
144
102
102
134
134
154
154
183
183
111
143
143
146
146
136
136
136
114
117
117
118
135
136
118
118
118
118
118
131
131
131
131
131
138
138
138
138
138
139
139
139
139
139
149
149
149
149
149
157
157
157
157
157
100
107
133
168
165
165
165
165
165
165
124
124
130
130
137
137
165
165
185
185
122
136
145
174
183
183
183
188
188
188
107
111
112
106
107
133
124
124
198
198
135
135
135
135
180
180
180
180
188
188
188
188
111
123
130
134
194
129
130
130
141
181
147
147
147
157
157
157
174
174
174
107
107
110
110
146
146
102
189
189
189
189
189
190
190
190
190
190
124
124
124
124
124
124
156
156
156
156
156
156
182
182
182
182
182
182
111
111
111
111
119
119
119
119
129
129
129
129
139
139
139
199
199
137
177
192
109
109
124
124
197
197
112
112
112
112
116
116
116
116
192
192
192
192
108
108
155
155
106
106
109
109
132
132
158
158
170
170
121
123
193
100
100
100
141
141
141
156
156
156
116
116
116
116
145
145
145
145
174
174
174
174
191
191
191
191
166
166
167
167
189
189
137
137
137
137
163
163
163
163
163
163
192
192
192
192
192
192
153
153
153
153
171
171
171
171
106
106
180
180
101
101
101
101
118
118
118
118
186
186
186
186
156
156
156
156
179
179
179
179
186
186
186
186
103
103
103
103
137
137
137
137
114
122
123
176
186
187
123
123
114
114
127
127
139
139
161
161
177
177
160
160
160
132
132
132
132
132
146
146
146
146
146
150
150
150
150
150
170
170
170
170
170
176
176
176
176
176
132
132
132
132
172
172
172
172
174
174
174
174
197
108
108
108
125
125
125
163
163
163
187
187
187
121
121
159
159
162
162
166
166
104
135
107
107
110
110
120
120
150
150
158
158
158
189
189
189
176
176
176
176
185
185
185
185
126
169
173
185
121
121
121
121
121
121
167
167
167
167
167
167
197
197
197
197
197
197
164
164
164
200
200
200
114
114
114
114
103
103
103
127
127
127
127
130
130
130
130
182
182
182
182
200
200
200
200
183
183
117
119
163
106
137
188
152
152
172
172
172
172
176
176
178
178
154
154
162
162
177
177
106
106
106
139
139
139
152
152
152
157
157
157
158
158
158
179
179
179
167
167
167
167
133
133
133
133
133
133
198
198
198
198
198
198
105
105
105
105
105
128
128
128
128
128
155
155
155
155
155
187
187
187
187
187
122
122
122
173
173
173
181
181
181
189
189
189
112
112
125
125
138
138
154
154
125
125
125
138
138
138
146
146
146
159
159
159
173
173
173
200
200
200
120
120
120
120
120
120
123
123
123
123
123
123
160
160
160
160
160
160
187
187
187
187
187
186
186
115
123
151
108
108
164
164
164
117
131
200
104
104
116
116
132
132
199
199
113
113
113
135
135
135
196
196
100
175
199
101
101
101
108
153
159
167
180
194
156
156
197
197
108
108
108
121
121
121
132
132
132
186
186
186
118
118
118
118
190
190
190
190
130
130
102
102
102
102
135
135
135
135
144
144
144
144
164
164
164
164
172
172
172
172
185
185
185
185
108
108
108
108
108
159
159
159
159
159
163
163
163
163
163
171
173
101
101
101
101
101
174
174
174
174
174
174
174
174
174
174
114
114
114
154
154
154
156
156
156
156
167
167
167
167
103
103
103
103
156
156
156
156
197
197
197
197
111
111
111
128
128
128
104
104
120
120
150
150
106
106
106
106
125
125
125
125
133
133
133
133
157
157
157
157
161
161
161
161
168
168
168
168
103
168
191
123
123
123
130
130
130
187
187
187
160
160
160
160
160
123
123
123
162
162
162
195
195
195
116
116
129
129
129
129
147
147
161
161
108
113
141
157
187
113
113
131
131
146
146
195
195
146
146
146
167
120
120
167
167
115
115
163
163
172
172
172
189
189
189
154
154
186
186
105
132
182
182
182
182
182
182
107
153
168
168
119
138
189
190
199
119
119
134
134
151
151
160
160
167
167
103
103
103
176
176
176
199
199
199
180
180
185
185
188
188
104
104
104
192
192
192
116
107
107
121
121
179
179
195
195
121
121
140
140
172
172
183
183
105
105
105
105
105
105
105
116
116
116
116
116
116
116
134
134
134
134
134
134
134
145
145
145
145
145
145
145
181
181
181
181
181
181
181
182
182
182
182
182
182
182
195
195
195
195
195
195
195
107
131
178
137
180
196
159
159
170
170
120
120
140
140
189
189
180
180
180
147
147
147
147
147
147
170
170
170
170
170
170
134
134
131
131
131
150
150
150
105
105
117
117
174
174
185
185
156
156
156
190
190
190
115
115
115
160
160
160
187
187
187
197
197
197
132
137
194
113
113
113
113
129
129
129
129
189
189
108
108
117
117
119
119
156
156
131
131
133
133
116
173
199
130
130
130
165
165
165
167
167
167
166
166
166
166
166
166
166
166
175
175
175
175
175
175
175
175
179
179
179
179
179
179
179
179
172
172
172
172
172
173
173
173
173
173
105
105
168
168
154
154
172
172
119
119
119
119
119
119
124
124
124
124
124
124
143
143
143
143
143
143
150
150
150
150
150
150
156
156
156
156
156
156
157
157
157
157
157
157
128
128
142
142
143
143
198
198
198
198
198
