298,478,2749
8821,48,4779
2263,303,5566
4964,228,8311
5532,364,8527
3969,488,9432
6829,330,1103
1843,487,9050
4933,406,1005
8398,273,5701
2633,395,8213
8616,459,6904
6631,170,4869
9379,136,1707
49,83,2617
480,63,6906
8846,476,3289
6980,118,9150
2219,475,7101
4097,142,140
2198,217,4325
8057,399,3375
2720,418,6152
4618,267,6701
7961,254,7007
5184,71,1483
1518,233,6964
8895,244,2568
4259,328,2572
616,282,3037
3879,441,8859
7716,69,5180
3195,340,5652
7017,30,9901
4452,248,5220
363,180,8198
3052,273,482
7256,232,4016
7045,312,9763
167,233,4736
3904,292,6644
9276,195,5809
7316,332,8504
6361,166,1830
5191,69,9485
9641,451,6935
4978,315,4649
8510,238,7408
8266,177,9580
7983,128,4188
9524,57,1749
4394,239,2256
596,183,7374
358,35,4242
8574,204,8563
5352,307,4062
9608,258,5237
9175,235,226
946,163,8381
3566,211,5665
9042,18,7628
8719,456,5541
6235,322,3982
4507,248,7141
9727,239,3307
6163,224,2365
8491,342,3129
4570,146,8562
2524,322,8718
4308,192,4211
2346,171,1557
7445,121,8682
7548,421,8895
7647,130,6200
1413,130,8489
5390,110,7684
5872,361,7745
1257,176,1258
7519,330,5681
9580,356,9622
6714,463,4764
149,214,417
7386,453,5456
3338,489,1019
6383,443,3681
7120,448,2795
8053,315,7796
8207,135,3798
4867,480,7700
4631,54,3817
7041,136,5509
3679,312,7161
660,258,4965
3000,427,7969
1191,284,5480
4714,149,4471
1692,335,7092
6714,112,5213
2690,112,7265
8542,243,8903
5570,384,8869
5113,299,1739
8237,147,9837
5868,54,1430
5736,32,50
3827,494,9190
3529,176,7327
572,390,1107
9455,135,6158
2526,413,137
4167,491,2290
4954,57,1426
9968,296,2865
5385,355,9211
7575,456,2873
5552,187,7563
636,59,520
5916,148,509
7534,417,388
8459,200,7949
6398,468,3563
2061,56,357
6542,164,973
4012,259,4799
2726,22,1522
8576,329,9983
9206,4,5488
623,247,4139
2362,119,6249
2909,419,9934
7392,120,5632
3207,93,1948
4762,287,7943
9073,495,425
8596,174,1368
6415,409,7404
7078,295,8624
1694,204,77
263,45,3002
2749,488,1297
802,92,8084
8322,288,8387
8846,494,8635
9652,189,6397
9900,161,4811
898,461,6986
4350,275,6522
8952,410,5843
6362,59,8552
5630,73,4246
8352,122,249
7995,161,2081
6388,127,1904
997,20,3919
2613,192,6762
9176,41,8867
2807,79,8354
2542,434,7107
6635,465,6506
3562,304,9192
9699,96,5272
2822,347,9669
555,159,6606
5668,47,2741
7060,69,8644
281,93,1889
2010,100,6841
9669,278,7064
5143,421,2711
5258,165,8076
6595,59,8510
6950,120,9522
6306,105,203
8667,74,6118
6881,215,3927
6113,183,4261
5257,395,7503
4748,10,1432
569,100,4048
3866,149,6964
9204,290,6728
4175,123,7581
3044,479,4774
5114,188,3819
141,373,2823
7340,360,9382
6455,193,8018
7001,215,5343
5548,478,3304
86,377,4161
4864,417,2480
2459,42,1806
4051,483,5383
8199,111,4339
1942,437,7202
4812,474,5073
3283,87,8998
872,205,6587
9004,31,6016
6543,294,7036
1544,494,14
5215,333,6968
6216,320,4054
2067,19,8619
6180,80,1634
5142,21,4593
8128,46,8090
8981,437,6639
8523,242,1762
194,94,8941
6225,330,7091
3399,214,2389
3633,321,6660
7775,4,6175
5060,341,7439
7536,404,6117
6570,322,1040
8535,332,4469
1330,382,909
9676,85,8715
1822,95,8085
8567,376,702
1278,285,7573
8626,480,1452
6339,21,8619
4595,463,23
9239,80,9644
6286,146,8427
4983,342,1990
5770,460,6938
7296,454,8071
9730,157,5593
8459,382,4372
8328,460,5237
3544,420,2758
7032,358,3858
2503,76,117
3750,247,1660
3169,14,1890
967,241,16
6713,364,6507
543,444,7445
69,130,7484
6052,303,1555
8978,435,5492
3394,366,42
4110,65,3353
8046,191,2009
4200,475,8635
2997,211,5365
8011,495,1983
5360,413,947
3257,158,6717
8537,165,5891
8577,225,5648
8431,123,9177
6425,168,8200
3999,80,9172
3484,328,9426
8836,271,6312
3271,125,3821
4725,489,7406
3357,232,6810
9385,451,6116
611,64,5763
7410,394,9547
5431,52,4860
3601,299,2067
536,321,5143
7730,314,344
4006,107,9537
2071,187,2886
1159,65,4169
7929,285,6204
9118,124,1366
2207,239,4604
1431,155,3895
462,154,7671
397,42,1792
5141,43,7382
8445,107,3949
1936,492,9055
6577,121,8962
1912,33,2715
2813,57,9219
6668,103,7337
2145,338,881
3172,13,5062
2890,249,6151
1026,209,3597
4334,175,2095
5057,386,6517
320,449,6455
7183,477,3431
413,204,4992
6938,156,2692
815,198,814
4737,148,5269
5730,140,6999
6329,496,2474
3686,104,3670
4473,191,3378
5988,425,5091
6973,31,1592
120,170,3244
9522,457,3255
8301,457,7095
4844,58,4657
6255,176,3088
6536,23,5727
1646,304,7176
8840,152,8953
7709,360,2035
5963,239,9440
3281,90,8787
8723,477,312
1114,450,5170
9249,363,8389
5399,202,8036
6980,131,1841
3380,277,708
1803,5,8850
6564,485,8046
2778,23,2653
4667,263,2215
5940,418,6228
2626,157,3721
5187,58,9975
3414,424,9186
5517,254,3922
8607,141,7855
574,457,1260
6532,282,8983
5758,262,3548
3142,16,1158
3368,492,3809
6502,111,5398
7068,89,4725
6574,110,5370
6809,153,1173
2965,436,5175
3165,236,5735
4802,494,3861
6463,468,6286
7560,145,9386
2091,307,6479
6899,485,8900
6309,318,9168
3565,113,8710
749,453,5902
405,481,6353
5538,310,9894
3570,150,9432
4557,35,167
4495,84,5704
782,491,9553
2614,321,2359
210,344,7378
9078,219,1849
4796,211,6634
2791,200,9415
1661,379,5628
8907,19,4130
5237,88,5990
8511,354,857
2857,274,729
8748,115,950
1348,30,865
7034,264,8575
5586,198,5173
2010,460,4993
361,53,3637
9132,482,4998
299,280,988
6596,386,9188
9548,45,593
6049,120,1648
152,53,8579
3435,151,8745
5504,381,6632
1389,263,8898
1238,234,6822
5227,343,2180
8129,86,8339
1556,246,687
2669,385,4466
196,222,5412
7740,251,4770
9720,208,5033
7500,111,1877
8494,176,7826
601,108,1579
3101,478,6170
627,408,1167
3081,110,4696
39,87,5459
2928,255,9098
3070,275,539
6967,54,6559
2428,205,8087
7431,78,7478
7379,53,9140
4143,225,9421
1621,482,6545
6810,345,2111
5835,280,93
1433,264,3018
3436,238,5900
90,186,1862
2318,365,888
4923,287,8256
5468,186,2448
9459,177,6516
4225,6,9275
640,223,8886
8039,47,7280
4407,69,4932
6048,249,9121
62,123,3638
7560,405,9151
935,160,918
6480,420,9922
8772,355,3451
7009,465,2281
3969,463,3468
452,290,7304
1332,139,859
8185,412,3000
7541,262,7788
1249,272,4539
874,178,6459
9526,465,450
6894,448,5261
2790,425,443
7805,86,1358
7746,54,9316
7559,451,3452
3827,179,2911
7635,194,6085
1315,67,9330
8173,436,1646
6729,329,8816
8445,62,9275
1267,319,5424
8330,301,4327
4701,423,6925
8174,18,6222
2823,476,4166
5855,280,6387
3212,219,9131
8505,253,6839
2521,8,9005
970,305,3839
7125,310,7552
4400,380,3166
1171,85,4585
9456,248,8669
3819,434,9184
8396,363,7099
1109,5,9486
9710,239,5520
5462,56,5782
3782,223,1477
2460,481,4954
5892,376,8225
7868,314,8006
1435,271,9231
6239,375,1732
891,322,5388
1213,58,3821
291,375,7207
1211,471,4479
5872,405,9559
106,406,3779
8531,307,8198
3405,65,7267
7336,27,4445
2753,99,4840
5797,95,7837
5899,292,475
4129,87,6296
3797,197,3241
5655,384,5102
7780,101,6739
2664,411,3215
6305,399,3831
8254,454,4382
9991,242,8148
9472,178,2173
9194,287,7544
8222,478,5506
50,41,1627
9138,189,7676
3183,473,812
6199,222,4256
1004,64,4790
826,499,1498
5167,158,4299
2118,438,1328
7540,301,6585
7789,94,8957
9890,246,209
9998,484,5951
8654,224,1114
8674,276,1500
3628,221,7467
6347,63,9599
2894,236,9784
2886,424,9409
7977,415,3394
6601,96,7327
9219,499,7779
2745,164,247
5173,350,862
9076,4,8209
1864,115,7960
9108,343,193
5914,381,2243
7475,212,4879
1384,139,6601
