115,116,4,115,145,145,55,29
115,116,4,115,145,145,107,6
115,116,4,115,145,145,169,158
115,116,4,115,199,199,47,127
115,116,4,115,199,199,79,70
115,116,4,115,199,199,162,162
115,116,4,115,199,199,164,105
115,116,4,115,199,199,166,74
115,116,4,115,199,199,189,4
130,0,7,130,68,68,10,57
130,0,7,130,68,68,23,119
130,0,7,130,68,68,23,177
130,0,7,130,68,68,66,172
130,0,7,130,68,68,69,62
130,0,7,130,68,68,88,159
130,0,7,130,68,68,89,164
130,0,7,130,68,68,91,141
130,0,7,130,68,68,175,151
130,0,7,130,68,68,185,163
130,0,7,130,68,68,194,18
130,0,7,130,111,111,46,98
130,0,7,130,111,111,109,97
130,0,7,130,111,111,174,125
130,0,7,130,134,134,41,50
130,0,7,130,134,134,48,149
130,0,7,130,134,134,54,199
130,0,7,130,134,134,68,40
130,0,7,130,134,134,74,187
130,0,7,130,134,134,144,54
130,0,7,130,134,134,182,55
130,0,7,130,134,134,188,40
114,26,11,114,162,162,24,147
114,26,11,114,162,162,47,198
114,26,11,114,162,162,56,116
114,26,11,114,162,162,77,169
114,26,11,114,162,162,109,88
114,26,11,114,162,162,193,101
114,26,11,114,173,173,87,111
114,26,11,114,173,173,89,60
114,26,11,114,173,173,94,10
114,26,11,114,173,173,121,88
114,26,11,114,173,173,126,135
114,26,11,114,173,173,134,78
114,26,11,114,173,173,181,164
114,26,11,114,173,173,186,46
126,7,14,126,171,171,3,183
126,7,14,126,171,171,37,110
126,7,14,126,171,171,75,175
126,7,14,126,171,171,140,160
126,7,14,126,171,171,172,114
126,7,14,126,186,186,11,117
126,7,14,126,186,186,14,151
126,7,14,126,186,186,25,87
126,7,14,126,186,186,39,116
126,7,14,126,186,186,53,45
126,7,14,126,186,186,86,80
126,7,14,126,186,186,89,56
126,7,14,126,186,186,125,79
179,73,19,179,185,185,8,103
179,73,19,179,185,185,85,1
109,0,24,109,74,74,33,95
109,0,24,109,74,74,164,157
109,0,24,109,74,74,186,39
109,0,24,109,148,148,36,129
109,0,24,109,148,148,85,170
109,0,24,109,148,148,183,190
109,0,24,109,148,148,191,75
109,0,24,109,148,148,192,54
109,0,24,109,148,148,194,143
132,59,26,132,122,122,25,31
132,59,26,132,122,122,33,80
132,59,26,132,122,122,66,199
132,59,26,132,122,122,68,155
132,59,26,132,122,122,156,101
132,59,26,132,142,142,5,96
132,59,26,132,142,142,164,58
132,59,26,132,142,142,176,38
132,59,26,132,194,194,46,24
132,59,26,132,194,194,65,164
132,59,26,132,194,194,93,89
132,59,26,132,194,194,109,145
132,59,26,132,194,194,145,85
132,59,26,132,194,194,172,166
149,29,26,149,191,191,9,36
149,29,26,149,191,191,17,1
149,29,26,149,191,191,77,24
149,29,26,149,191,191,167,25
111,23,33,111,110,110,68,60
111,23,33,111,110,110,104,190
111,23,33,111,110,110,110,190
111,23,33,111,141,141,88,130
111,23,33,111,141,141,155,60
111,23,33,111,141,141,192,83
111,23,33,111,170,170,59,9
111,23,33,111,170,170,97,102
111,23,33,111,170,170,114,140
111,23,33,111,170,170,183,108
111,23,33,111,170,170,188,187
134,22,36,134,64,64,29,162
134,22,36,134,64,64,117,86
134,22,36,134,64,64,162,24
106,39,42,106,84,84,30,130
106,39,42,106,84,84,55,96
106,39,42,106,84,84,61,178
106,39,42,106,84,84,110,147
106,39,42,106,84,84,148,161
106,39,42,106,84,84,170,177
106,39,42,106,190,190,47,108
106,39,42,106,190,190,88,58
106,39,42,106,190,190,109,45
106,39,42,106,190,190,117,129
106,39,42,106,190,190,144,14
106,39,42,106,190,190,184,110
106,39,42,106,190,190,185,200
168,3,50,168,103,103,98,59
168,3,50,168,103,103,106,16
168,3,50,168,172,172,33,8
168,3,50,168,172,172,60,178
168,3,50,168,172,172,68,43
168,3,50,168,172,172,88,9
168,3,50,168,172,172,141,191
168,3,50,168,172,172,171,168
116,14,56,116,79,79,175,83
116,14,56,116,79,79,196,88
116,14,56,116,154,154,29,95
116,14,56,116,154,154,85,77
116,14,56,116,154,154,128,195
116,14,56,116,154,154,137,185
116,14,56,116,154,154,161,145
116,14,56,116,154,154,189,114
116,14,56,116,159,159,15,184
116,14,56,116,159,159,26,183
116,14,56,116,159,159,122,95
116,14,56,116,159,159,186,49
116,14,56,116,159,159,195,114
125,82,57,125,109,109,9,164
125,82,57,125,109,109,88,44
125,82,57,125,109,109,93,78
125,82,57,125,109,109,137,171
125,82,57,125,109,109,146,141
125,82,57,125,115,115,34,56
125,82,57,125,115,115,85,25
125,82,57,125,115,115,128,151
125,82,57,125,115,115,140,5
125,82,57,125,115,115,172,44
154,19,64,154,93,93,40,22
154,19,64,154,93,93,59,65
154,19,64,154,93,93,117,23
154,19,64,154,93,93,129,51
154,19,64,154,93,93,146,184
154,19,64,154,93,93,165,107
154,19,64,154,178,178,2,82
154,19,64,154,178,178,39,112
154,19,64,154,178,178,67,160
154,19,64,154,178,178,74,187
154,19,64,154,178,178,114,73
154,19,64,154,178,178,140,90
154,19,64,154,178,178,199,186
189,0,70,189,82,82,37,34
189,0,70,189,82,82,79,109
182,50,72,182,177,177,27,143
182,50,72,182,177,177,69,173
182,50,72,182,177,177,139,139
182,50,72,182,177,177,175,61
182,50,72,182,177,177,179,91
182,50,72,182,177,177,184,120
182,50,72,182,177,177,188,92
182,50,72,182,177,177,191,108
112,2,73,112,91,91,66,61
112,2,73,112,91,91,95,88
112,2,73,112,91,91,164,173
112,2,73,112,91,91,196,129
112,2,73,112,139,139,11,53
112,2,73,112,139,139,29,197
112,2,73,112,139,139,100,125
112,2,73,112,139,139,101,151
112,2,73,112,139,139,121,81
112,2,73,112,139,139,124,44
112,2,73,112,139,139,179,4
112,2,73,112,163,163,22,165
112,2,73,112,163,163,26,173
112,2,73,112,163,163,35,152
112,2,73,112,163,163,57,88
112,2,73,112,163,163,67,137
112,2,73,112,163,163,68,14
112,2,73,112,163,163,90,120
112,2,73,112,163,163,118,99
112,2,73,112,163,163,176,93
112,2,73,112,163,163,188,109
112,2,73,112,163,163,191,191
112,2,73,112,176,176,54,83
112,2,73,112,176,176,68,163
112,2,73,112,176,176,70,177
112,2,73,112,176,176,132,77
121,60,82,121,71,71,111,81
121,60,82,121,71,71,158,9
121,60,82,121,117,117,72,70
121,60,82,121,117,117,105,183
121,60,82,121,117,117,121,145
121,60,82,121,117,117,158,94
121,60,82,121,117,117,177,29
121,60,82,121,117,117,183,104
121,60,82,121,150,150,7,172
121,60,82,121,150,150,13,100
121,60,82,121,150,150,47,27
121,60,82,121,150,150,128,33
121,60,82,121,157,157,62,169
121,60,82,121,157,157,108,30
121,60,82,121,157,157,132,121
121,60,82,121,157,157,146,176
121,60,82,121,157,157,171,97
121,60,82,121,164,164,26,38
121,60,82,121,164,164,32,182
121,60,82,121,164,164,75,127
121,60,82,121,164,164,76,43
121,60,82,121,164,164,79,111
121,60,82,121,164,164,91,159
121,60,82,121,164,164,106,180
121,60,82,121,164,164,131,56
121,60,82,121,164,164,136,178
121,60,82,121,175,175,65,72
121,60,82,121,175,175,91,149
121,60,82,121,175,175,130,182
121,60,82,121,175,175,155,105
121,60,82,121,175,175,166,29
121,60,82,121,175,175,179,158
150,79,84,150,95,95,166,41
150,79,84,150,95,95,191,158
150,79,84,150,140,140,19,5
150,79,84,150,140,140,20,3
150,79,84,150,140,140,101,99
150,79,84,150,140,140,137,156
150,79,84,150,140,140,158,153
150,79,84,150,140,140,177,198
150,79,84,150,140,140,198,24
150,79,84,150,200,200,197,108
104,84,88,104,189,189,59,25
104,84,88,104,189,189,71,169
185,20,88,185,100,100,125,150
185,20,88,185,100,100,150,167
118,1,89,118,114,114,0,31
118,1,89,118,114,114,4,117
118,1,89,118,114,114,32,26
118,1,89,118,114,114,61,61
118,1,89,118,114,114,100,122
118,1,89,118,114,114,108,84
118,1,89,118,114,114,123,23
118,1,89,118,149,149,43,98
118,1,89,118,149,149,129,164
118,1,89,118,149,149,152,9
118,1,89,118,149,149,152,192
118,1,89,118,149,149,171,101
118,1,89,118,158,158,97,81
118,1,89,118,158,158,104,55
118,1,89,118,158,158,117,155
118,1,89,118,158,158,137,67
118,1,89,118,180,180,7,197
118,1,89,118,180,180,19,105
118,1,89,118,180,180,72,55
118,1,89,118,180,180,191,141
118,1,89,118,180,180,200,51
145,19,91,145,146,146,57,189
145,19,91,145,146,146,63,141
145,19,91,145,146,146,74,12
145,19,91,145,146,146,134,22
124,35,94,124,166,166,13,54
124,35,94,124,166,166,13,152
124,35,94,124,166,166,18,187
124,35,94,124,166,166,102,158
124,35,94,124,166,166,125,59
117,26,95,117,121,121,28,96
117,26,95,117,121,121,55,196
117,26,95,117,121,121,185,58
117,26,95,117,174,174,19,5
117,26,95,117,174,174,38,34
117,26,95,117,174,174,60,184
117,26,95,117,174,174,122,42
117,26,95,117,200,200,197,108
123,0,96,123,143,143,23,24
123,0,96,123,143,143,73,94
123,0,96,123,143,143,111,78
123,0,96,123,143,143,162,112
147,9,100,147,87,87,0,0
147,9,100,147,87,87,32,184
147,9,100,147,87,87,103,69
147,9,100,147,87,87,165,194
147,9,100,147,87,87,182,72
147,9,100,147,87,87,188,40
147,9,100,147,129,129,8,148
147,9,100,147,129,129,48,25
147,9,100,147,129,129,72,24
147,9,100,147,129,129,87,107
147,9,100,147,129,129,134,151
147,9,100,147,129,129,154,45
147,9,100,147,129,129,181,86
120,21,101,120,88,88,51,25
120,21,101,120,88,88,62,85
120,21,101,120,88,88,93,151
129,43,104,129,63,63,174,160
129,43,104,129,63,63,192,106
129,43,104,129,125,125,77,46
129,43,104,129,125,125,120,22
129,43,104,129,125,125,133,196
129,43,104,129,125,125,177,98
129,43,104,129,179,179,6,15
129,43,104,129,179,179,24,37
129,43,104,129,179,179,65,122
129,43,104,129,179,179,67,176
129,43,104,129,179,179,143,19
129,43,104,129,179,179,172,49
129,43,104,129,195,195,44,152
129,43,104,129,195,195,45,25
129,43,104,129,195,195,103,35
129,43,104,129,195,195,129,174
129,43,104,129,195,195,134,195
129,43,104,129,195,195,188,128
139,29,106,139,76,76,39,48
139,29,106,139,76,76,74,157
139,29,106,139,76,76,85,22
139,29,106,139,76,76,99,72
139,29,106,139,76,76,152,64
139,29,106,139,151,151,20,180
139,29,106,139,151,151,27,11
139,29,106,139,151,151,129,100
139,29,106,139,151,151,144,86
139,29,106,139,151,151,199,11
148,3,108,148,118,118,27,106
148,3,108,148,118,118,41,39
148,3,108,148,118,118,66,5
148,3,108,148,118,118,74,8
148,3,108,148,118,118,78,188
148,3,108,148,118,118,158,174
151,116,111,151,119,119,75,5
151,116,111,151,119,119,113,189
151,116,111,151,119,119,147,152
151,116,111,151,119,119,185,47
163,1,112,163,123,123,44,133
163,1,112,163,123,123,87,187
163,1,112,163,123,123,170,144
141,43,115,141,92,92,37,175
141,43,115,141,92,92,38,18
141,43,115,141,92,92,124,103
141,43,115,141,92,92,141,76
141,43,115,141,92,92,151,198
141,43,115,141,92,92,176,119
141,43,115,141,92,92,185,59
119,51,116,119,70,70,51,22
119,51,116,119,70,70,75,147
119,51,116,119,70,70,104,196
119,51,116,119,70,70,118,188
119,51,116,119,70,70,121,183
119,51,116,119,70,70,191,51
119,51,116,119,184,184,19,59
119,51,116,119,184,184,30,2
119,51,116,119,184,184,45,19
119,51,116,119,184,184,83,69
119,51,116,119,184,184,164,50
119,51,116,119,184,184,197,173
110,18,117,110,81,81,55,78
110,18,117,110,81,81,110,132
110,18,117,110,144,144,24,19
110,18,117,110,144,144,100,51
110,18,117,110,160,160,51,191
110,18,117,110,160,160,148,98
110,18,117,110,160,160,152,45
110,18,117,110,160,160,157,193
110,18,117,110,160,160,197,40
200,14,117,200,120,120,70,130
200,14,117,200,120,120,128,104
200,14,117,200,120,120,143,167
200,14,117,200,120,120,197,79
177,54,122,177,94,94,52,193
177,54,122,177,94,94,88,86
177,54,122,177,94,94,92,73
177,54,122,177,94,94,150,112
177,54,122,177,94,94,167,69
177,54,122,177,94,94,172,25
127,77,124,127,113,113,33,33
127,77,124,127,113,113,85,124
127,77,124,127,113,113,150,174
127,77,124,127,152,152,51,62
127,77,124,127,152,152,149,22
127,77,124,127,152,152,185,2
127,77,124,127,167,167,19,96
127,77,124,127,167,167,44,102
127,77,124,127,167,167,50,171
127,77,124,127,167,167,55,41
127,77,124,127,167,167,76,113
127,77,124,127,167,167,109,11
127,77,124,127,167,167,154,17
127,77,124,127,167,167,187,158
127,77,124,127,187,187,24,151
127,77,124,127,187,187,27,47
127,77,124,127,187,187,39,85
127,77,124,127,187,187,53,174
127,77,124,127,187,187,58,101
127,77,124,127,187,187,115,189
127,77,124,127,187,187,129,145
160,78,125,160,77,77,0,137
160,78,125,160,77,77,52,90
160,78,125,160,77,77,82,168
160,78,125,160,77,77,90,91
160,78,125,160,90,90,75,158
160,78,125,160,90,90,117,142
160,78,125,160,90,90,142,45
160,78,125,160,90,90,142,70
160,78,125,160,90,90,190,118
137,35,132,137,165,165,4,122
137,35,132,137,165,165,41,34
137,35,132,137,165,165,74,79
137,35,132,137,165,165,80,90
137,35,132,137,165,165,85,10
137,35,132,137,165,165,152,172
137,35,132,137,165,165,192,74
136,12,133,136,69,69,39,72
136,12,133,136,69,69,181,148
136,12,133,136,78,78,22,52
136,12,133,136,78,78,47,30
136,12,133,136,78,78,48,191
136,12,133,136,78,78,71,159
136,12,133,136,78,78,84,11
136,12,133,136,78,78,109,164
136,12,133,136,78,78,126,40
136,12,133,136,78,78,175,103
136,12,133,136,96,96,3,29
136,12,133,136,96,96,68,186
136,12,133,136,96,96,77,1
136,12,133,136,96,96,103,160
136,12,133,136,96,96,126,147
136,12,133,136,96,96,146,152
136,12,133,136,96,96,161,149
136,12,133,136,96,96,167,130
136,12,133,136,96,96,169,82
136,12,133,136,96,96,176,111
136,12,133,136,96,96,193,17
136,12,133,136,126,126,29,187
136,12,133,136,126,126,39,173
136,12,133,136,126,126,55,162
136,12,133,136,126,126,60,70
136,12,133,136,126,126,72,140
136,12,133,136,126,126,94,21
136,12,133,136,126,126,97,15
136,12,133,136,126,126,113,1
136,12,133,136,126,126,185,195
108,9,140,108,155,155,47,166
108,9,140,108,155,155,48,71
108,9,140,108,155,155,77,55
108,9,140,108,155,155,92,161
108,9,140,108,155,155,138,130
107,31,150,107,67,67,58,115
107,31,150,107,67,67,95,66
107,31,150,107,67,67,154,113
107,31,150,107,89,89,52,115
107,31,150,107,89,89,66,152
107,31,150,107,89,89,103,172
107,31,150,107,89,89,154,196
107,31,150,107,124,124,99,28
107,31,150,107,124,124,104,33
107,31,150,107,124,124,114,44
107,31,150,107,124,124,140,35
107,31,150,107,124,124,142,38
107,31,150,107,124,124,157,98
107,31,150,107,131,131,35,176
107,31,150,107,131,131,67,93
107,31,150,107,131,131,77,150
107,31,150,107,131,131,96,44
107,31,150,107,131,131,190,0
107,31,150,107,169,169,30,184
107,31,150,107,169,169,104,3
107,31,150,107,169,169,153,136
107,31,150,107,169,169,176,75
107,31,150,107,200,200,38,117
107,31,150,107,200,200,41,66
107,31,150,107,200,200,94,34
107,31,150,107,200,200,106,67
107,31,150,107,200,200,107,13
107,31,150,107,200,200,151,13
107,31,150,107,200,200,172,122
107,31,150,107,200,200,197,108
105,106,154,105,137,137,1,3
105,106,154,105,137,137,44,99
105,106,154,105,137,137,50,68
105,106,154,105,137,137,96,114
105,106,154,105,137,137,194,151
143,3,154,143,104,104,32,24
143,3,154,143,104,104,53,155
143,3,154,143,104,104,71,145
143,3,154,143,104,104,186,125
140,169,157,140,0,0,2,185
140,169,157,140,0,0,81,12
140,169,157,140,0,0,162,46
140,169,157,140,0,0,177,195
140,169,157,140,72,72,5,133
140,169,157,140,72,72,158,155
140,169,157,140,72,72,187,59
194,42,169,194,136,136,7,155
194,42,169,194,136,136,9,135
194,42,169,194,136,136,36,18
194,42,169,194,136,136,154,115
194,42,169,194,136,136,154,196
113,11,174,113,73,73,7,190
113,11,174,113,73,73,55,4
113,11,174,113,73,73,85,160
113,11,174,113,73,73,130,164
113,11,174,113,73,73,142,196
113,11,174,113,73,73,172,190
113,11,174,113,73,73,174,21
113,11,174,113,97,97,33,192
113,11,174,113,97,97,150,171
113,11,174,113,112,112,24,118
113,11,174,113,112,112,112,31
113,11,174,113,112,112,191,1
113,11,174,113,182,182,88,186
113,11,174,113,182,182,91,24
113,11,174,113,182,182,150,151
113,11,174,113,182,182,199,10
113,11,174,113,193,193,135,149
113,11,174,113,193,193,157,187
113,11,174,113,193,193,166,130
113,11,174,113,193,193,179,137
142,199,174,142,133,133,26,91
142,199,174,142,133,133,198,150
142,199,174,142,168,168,16,73
142,199,174,142,168,168,78,155
142,199,174,142,168,168,151,192
142,199,174,142,188,188,12,168
142,199,174,142,188,188,16,172
142,199,174,142,188,188,19,95
142,199,174,142,188,188,29,120
142,199,174,142,188,188,39,30
142,199,174,142,188,188,165,20
142,199,174,142,188,188,178,105
142,199,174,142,197,197,14,62
142,199,174,142,197,197,21,200
142,199,174,142,197,197,60,139
142,199,174,142,197,197,125,118
142,199,174,142,197,197,198,133
144,0,175,144,85,85,29,162
144,0,175,144,85,85,42,32
144,0,175,144,85,85,191,30
144,0,175,144,181,181,19,116
144,0,175,144,181,181,21,139
144,0,175,144,181,181,28,14
144,0,175,144,181,181,83,135
144,0,175,144,181,181,96,53
144,0,175,144,181,181,149,186
144,0,175,144,181,181,164,123
144,0,175,144,181,181,173,29
144,0,175,144,198,198,4,117
144,0,175,144,198,198,52,124
144,0,175,144,198,198,66,132
0,49,176,0,75,75,82,67
0,49,176,0,75,75,127,168
0,49,176,0,75,75,138,191
0,49,176,0,75,75,155,23
0,49,176,0,75,75,196,54
0,49,176,0,83,83,55,172
0,49,176,0,83,83,174,183
0,49,176,0,83,83,194,54
0,49,176,0,99,99,72,100
0,49,176,0,99,99,109,63
0,49,176,0,99,99,112,82
0,49,176,0,99,99,200,74
128,3,180,128,102,102,3,34
128,3,180,128,102,102,7,181
128,3,180,128,102,102,116,1
128,3,180,128,196,196,20,119
128,3,180,128,196,196,102,150
128,3,180,128,196,196,110,11
128,3,180,128,196,196,166,119
176,55,181,176,153,153,37,150
176,55,181,176,153,153,69,113
176,55,181,176,153,153,87,134
131,28,184,131,108,108,62,127
131,28,184,131,108,108,71,99
131,28,184,131,108,108,109,43
131,28,184,131,108,108,125,82
131,28,184,131,108,108,157,182
131,28,184,131,108,108,163,157
131,28,184,131,138,138,120,160
131,28,184,131,138,138,140,73
131,28,184,131,138,138,152,17
131,28,184,131,138,138,163,195
161,77,189,161,116,116,119,147
161,77,189,161,116,116,140,111
161,77,189,161,116,116,142,51
161,77,189,161,116,116,190,154
171,8,190,171,135,135,19,59
171,8,190,171,135,135,148,56
171,8,190,171,135,135,156,52
171,8,190,171,135,135,166,15
173,88,192,173,161,161,7,128
173,88,192,173,161,161,87,134
173,88,192,173,161,161,153,10
135,26,199,135,65,65,194,63
135,26,199,135,66,66,12,1
135,26,199,135,66,66,85,42
135,26,199,135,66,66,101,103
135,26,199,135,66,66,120,186
135,26,199,135,66,66,166,126
135,26,199,135,66,66,169,150
135,26,199,135,101,101,24,28
135,26,199,135,101,101,65,110
135,26,199,135,101,101,179,85
135,26,199,135,106,106,13,121
135,26,199,135,106,106,38,51
135,26,199,135,106,106,152,147
